encoder_resolution: 149
gear_reduction: 1.0 # Only for odom calc

wheel_radius: 0.0979
wheel_separation: 0.65
gear_motor: 40
rpm: 2800

laser_1_x: 0.41054
laser_1_y: 0.29594
laser_1_z: 0.13532
laser_1_yaw: -2.33
laser_1_pitch: 0
laser_1_roll: 3.1415
laser_2_x: -0.41054
laser_2_y: -0.29594
laser_2_z: 0.13532
laser_2_yaw: 0.7854
laser_2_pitch: 0
laser_2_roll: 3.1415